leg1 particles:[(0.0, 12.7, 7.5), (0.0, 8.9, 0.0), (0.0, 0.0, 6.5)]
leg2 particles:[(13.5, 12.7, 7.5), (13.5, 8.9, 0.0), (13.5, 0.0, 6.5)]
central particle:(6.75, 22.4, 7.5)
leg1 masses:[295.0, 100.0, 250.0]
leg2 masses:[295.0, 100.0, 250.0]
central mass:[290.0]
forwarding rate:2.0
one action time:0.5
sleep time:0.01


leg1 steps:[((0.0, 12.7, 7.5), (0.0, 8.899934812116006, -8.925631684153501e-05), (0.0, 0.0, 6.5)), ((0.0, 12.7, 7.5), (0.0, 9.083366650183862, -0.09028925631684181), (0.0, 0.28, 6.54)), ((0.0, 12.7, 7.5), (0.0, 9.143426913097917, -0.11858925631684158), (0.0, 0.39191835884530873, 6.58)), ((0.0, 12.7, 7.5), (0.0, 9.181859058245278, -0.1364892563168416), (0.0, 0.4749736834815168, 6.62)), ((0.0, 12.7, 7.5), (0.0, 9.208713019633333, -0.1486892563168416), (0.0, 0.5425863986500217, 6.66)), ((0.0, 12.7, 7.5), (0.0, 9.227642353931364, -0.15738925631684175), (0.0, 0.6000000000000003, 6.7)), ((0.0, 12.7, 7.5), (0.0, 9.24088328899512, -0.16328925631684132), (0.0, 0.6499230723708771, 6.74)), ((0.0, 12.7, 7.5), (0.0, 9.24947296344273, -0.167189256316842), (0.0, 0.6939740629158991, 6.78)), ((0.0, 12.7, 7.5), (0.0, 9.254270603169308, -0.16938925631684132), (0.0, 0.7332121111929347, 6.82)), ((0.0, 12.7, 7.5), (0.0, 9.255886030618294, -0.17008925631684146), (0.0, 0.7683749084919421, 6.86)), ((0.0, 12.7, 7.5), (0.0, 9.25463823868115, -0.16958925631684174), (0.0, 0.8000000000000003, 6.9)), ((0.0, 12.7, 7.5), (0.0, 9.250957229746916, -0.1678892563168417), (0.0, 0.8284926070883194, 6.94)), ((0.0, 12.7, 7.5), (0.0, 9.245010704639736, -0.16518925631684134), (0.0, 0.8541662601625052, 6.98)), ((0.0, 12.7, 7.5), (0.0, 9.236979951513213, -0.16158925631684218), (0.0, 0.8772684879784521, 7.02)), ((0.0, 12.7, 7.5), (0.0, 9.22708071552454, -0.15708925631684156), (0.0, 0.8979977728257462, 7.0600000000000005)), ((0.0, 12.7, 7.5), (0.0, 9.215403774342748, -0.15178925631684237), (0.0, 0.9165151389911679, 7.1)), ((0.0, 12.7, 7.5), (0.0, 9.20209567237555, -0.14568925631684237), (0.0, 0.9329523031752479, 7.14)), ((0.0, 12.7, 7.5), (0.0, 9.187190600976173, -0.13888925631684224), (0.0, 0.9474175425861608, 7.18)), ((0.0, 12.7, 7.5), (0.0, 9.17079021788459, -0.13138925631684195), (0.0, 0.96, 7.22)), ((0.0, 12.7, 7.5), (0.0, 9.15307042797124, -0.1230892563168422), (0.0, 0.9707728879609278, 7.26)), ((0.0, 12.7, 7.5), (0.0, 9.133923543374145, -0.11418925631684207), (0.0, 0.9797958971132712, 7.3)), ((0.0, 12.7, 7.5), (0.0, 9.113499407799948, -0.10458925631684224), (0.0, 0.9871170143402452, 7.34)), ((0.0, 12.7, 7.5), (0.0, 9.091847919795484, -0.09428925631684182), (0.0, 0.9927738916792684, 7.38)), ((0.0, 12.7, 7.5), (0.0, 9.068916621067768, -0.08338925631684191), (0.0, 0.996794863550169, 7.42)), ((0.0, 12.7, 7.5), (0.0, 9.044828965165125, -0.07178925631684185), (0.0, 0.9991996797437437, 7.46)), ((0.0, 12.7, 7.5), (0.0, 9.019514341640582, -0.059589256316841865), (0.0, 1.0, 7.5)), ((0.0, 12.7, 7.5), (0.0, 8.993176378229789, -0.046589256316841965), (0.0, 0.9991996797437437, 7.54)), ((0.0, 12.7, 7.5), (0.0, 8.965538301216679, -0.0330892563168419), (0.0, 0.996794863550169, 7.58)), ((0.0, 12.7, 7.5), (0.0, 8.936884836119708, -0.018789256316841918), (0.0, 0.9927738916792684, 7.62)), ((0.0, 12.7, 7.5), (0.0, 8.907112862493358, -0.0037892563168417936), (0.0, 0.9871170143402452, 7.66)), ((0.0, 12.7, 7.5), (0.0, 8.876205434802255, 0.011910743683158476), (0.0, 0.9797958971132712, 7.7)), ((0.0, 12.7, 7.5), (0.0, 8.84413613463051, 0.028310743683158446), (0.0, 0.9707728879609278, 7.74)), ((0.0, 12.7, 7.5), (0.0, 8.811065076266441, 0.04561074368315854), (0.0, 0.96, 7.78)), ((0.0, 12.7, 7.5), (0.0, 8.776748657342559, 0.06361074368315833), (0.0, 0.9474175425861608, 7.82)), ((0.0, 12.7, 7.5), (0.0, 8.741223901936706, 0.08241074368315848), (0.0, 0.9329523031752479, 7.86)), ((0.0, 12.7, 7.5), (0.0, 8.704513800150425, 0.10211074368315831), (0.0, 0.9165151389911679, 7.9)), ((0.0, 12.7, 7.5), (0.0, 8.666523288203376, 0.12271074368315738), (0.0, 0.8979977728257462, 7.9399999999999995)), ((0.0, 12.7, 7.5), (0.0, 8.62723454457772, 0.14431074368315855), (0.0, 0.8772684879784521, 7.98)), ((0.0, 12.7, 7.5), (0.0, 8.586601823435712, 0.1670107436831576), (0.0, 0.8541662601625052, 8.02)), ((0.0, 12.7, 7.5), (0.0, 8.544441054833909, 0.19081074368315853), (0.0, 0.8284926070883188, 8.06)), ((0.0, 12.7, 7.5), (0.0, 8.500723121787287, 0.21591074368315777), (0.0, 0.8000000000000003, 8.1)), ((0.0, 12.7, 7.5), (0.0, 8.4551495513872, 0.24231074368315886), (0.0, 0.7683749084919413, 8.14)), ((0.0, 12.7, 7.5), (0.0, 8.407638204947823, 0.270310743683158), (0.0, 0.7332121111929347, 8.18)), ((0.0, 12.7, 7.5), (0.0, 8.357873472986274, 0.3001107436831587), (0.0, 0.6939740629158982, 8.22)), ((0.0, 12.7, 7.5), (0.0, 8.305443064619917, 0.3320107436831581), (0.0, 0.6499230723708771, 8.26)), ((0.0, 12.7, 7.5), (0.0, 8.249716433440781, 0.36641074368315873), (0.0, 0.5999999999999991, 8.3)), ((0.0, 12.7, 7.5), (0.0, 8.189916763651583, 0.4041107436831579), (0.0, 0.5425863986500217, 8.34)), ((0.0, 12.7, 7.5), (0.0, 8.124378972031742, 0.44611074368315906), (0.0, 0.4749736834815152, 8.38)), ((0.0, 12.7, 7.5), (0.0, 8.050233460988132, 0.49471074368315815), (0.0, 0.39191835884530873, 8.42)), ((0.0, 12.7, 7.5), (0.0, 7.95988479631191, 0.5556107436831588), (0.0, 0.2799999999999971, 8.46)), ((0.0, 12.7, 7.5), (0.0, 7.772850113097357, 0.6870107436831581), (0.0, 0.0, 8.5))]
leg1 weight center movements:[(0.0, 7.188361986374574, 5.949598564912116), (0.0, 7.325328162819203, 5.951117944757078), (0.0, 7.2218388343379765, 3.9276379885962913), (0.0, 7.400119993271931, 4.897970522439835), (0.0, 7.439135119751142, 5.044228573567275), (0.0, 7.4683005488030805, 5.129976294493708), (0.0, 7.490957816767356, 5.199484502783322), (0.0, 7.5104744309969025, 5.269656037055474), (0.0, 7.526685547056251, 5.275498829496048), (0.0, 7.540867528264085, 5.326800135427982), (0.0, 7.553045013455824, 5.380212495568765), (0.0, 7.563522048075155, 5.387717587704756), (0.0, 7.572593079287045, 5.42007794730742), (0.0, 7.580409307674603, 5.428248761001269), (0.0, 7.5870404003290375, 5.485882992589349), (0.0, 7.592634885182151, 5.49506517285489), (0.0, 7.59693186435305, 5.506072545399655), (0.0, 7.600559721417896, 5.540524245346185), (0.0, 7.603096480793705, 5.57644698595957), (0.0, 7.604719047491358, 5.587851601526151), (0.0, 7.605263846754913, 5.625507345564744), (0.0, 7.6053878980677, 5.637012707007849), (0.0, 7.604237966102753, 5.67572402740729), (0.0, 7.602764185742492, 5.688085242297714), (0.0, 7.599973269886334, 5.7278530580599964), (0.0, 7.596637754262615, 5.7414355315294685), (0.0, 7.5925634218498255, 5.781991132199001), (0.0, 7.5876561835068745, 5.796391306167805), (0.0, 7.5816606507600595, 5.838287330539193), (0.0, 7.575175331176017, 5.853515822159788), (0.0, 7.568280405880899, 5.896596766682529), (0.0, 7.559786119467094, 5.912679567009824), (0.0, 7.5508681035147704, 5.957086341396006), (0.0, 7.540643661033141, 5.973913198584187), (0.0, 7.530341738626034, 6.020058279193798), (0.0, 7.518697425042322, 6.066751935820322), (0.0, 7.505593371283689, 6.0850621475139235), (0.0, 7.492354554581961, 6.133983852459844), (0.0, 7.477071224321055, 6.182366733186816), (0.0, 7.4615018426012805, 6.20428618732384), (0.0, 7.444155569811058, 6.2847502437087615), (0.0, 7.425290048870383, 6.307574313287092), (0.0, 7.405325485886593, 6.39209252978666), (0.0, 7.382884556856446, 6.417191461909485), (0.0, 7.359372078367705, 6.506985816718035), (0.0, 7.331905204215843, 6.5956252390780605), (0.0, 7.3028684323820565, 6.692921520297983), (0.0, 7.268454259832215, 6.791924310641089), (0.0, 7.227579055630555, 6.929065558742321), (0.0, 7.176631062269933, 7.179144981209578), (0.0, 7.051571318141681, 7.5857876760637755)]
still leg coordinates:[(13.5, 12.7, 7.5), (13.5, 8.9, 0.0), (13.5, 0.0, 6.5)]
body particle:(6.75, 22.4, 7.5)
target position:(13.5, 0.0, 6.5)
side move degrees:[28.200000000000003, 28.300000000000004, 28.400000000000006, 28.500000000000007, 28.60000000000001, 28.70000000000001, 28.80000000000001, 28.900000000000013, 29.000000000000014, 29.100000000000016, 29.200000000000017, 29.30000000000002, 29.40000000000002, 29.50000000000002, 29.600000000000023, 29.700000000000024, 29.800000000000026, 29.900000000000027, 30.00000000000003, 30.10000000000003, 30.20000000000003, 30.300000000000033, 30.400000000000034, 30.500000000000036, 30.600000000000037, 30.70000000000004, 30.600000000000037, 30.500000000000036, 30.400000000000034, 30.300000000000033, 30.20000000000003, 30.10000000000003, 30.00000000000003, 29.900000000000027, 29.800000000000026, 29.700000000000024, 29.600000000000023, 29.50000000000002, 29.40000000000002, 29.30000000000002, 29.200000000000017, 29.100000000000016, 29.000000000000014, 28.900000000000013, 28.80000000000001, 28.70000000000001, 28.60000000000001, 28.500000000000007, 28.400000000000006, 28.300000000000004, 28.200000000000003]
adjusted leg1:[((6.001394713836986, 11.1925538412254, 7.5), (3.6730662661566695, 6.850239637056466, 0.6870107436831581), (0.0, 0.0, 8.5)), ((5.798439715116232, 11.29903079339829, 7.54), (3.5594660541114687, 6.936092902477505, 0.7102107436831582), (0.0, 0.0, 8.5)), ((5.593596311263291, 11.401827937073147, 7.58), (3.443986766563548, 7.020124861503638, 0.7336107436831583), (0.0, 0.0, 8.5)), ((5.3869312145928765, 11.500911793820736, 7.62), (3.326613401022582, 7.102204534125316, 0.7571107436831581), (0.0, 0.0, 8.5)), ((5.178511730698971, 11.596250094535437, 7.66), (3.207379382079421, 7.1822900858099015, 0.7807107436831582), (0.0, 0.0, 8.5)), ((4.968405736535096, 11.68781178994448, 7.7), (3.0863190519331676, 7.260340261154099, 0.804410743683158), (0.0, 0.0, 8.5)), ((4.7566816583085005, 11.775567060719899, 7.74), (2.9635039756660353, 7.336404305974714, 0.8283107436831583), (0.0, 0.0, 8.5)), ((4.5434084491954865, 11.859487327189951, 7.78), (2.8389303093209324, 7.410352470539772, 0.8523107436831583), (0.0, 0.0, 8.5)), ((4.32865556688509, 11.939545258646776, 7.82), (2.7126351131488335, 7.482145253460562, 0.8764107436831581), (0.0, 0.0, 8.5)), ((4.112492950958481, 12.01571478224732, 7.86), (2.584656323944436, 7.551743813058688, 0.9006107436831581), (0.0, 0.0, 8.5)), ((3.894991000111405, 12.08797109150461, 7.9), (2.4550617652886295, 7.61920005612809, 0.925010743683158), (0.0, 0.0, 8.5)), ((3.6762205492271107, 12.156290654366583, 7.94), (2.3238584746049957, 7.6843863632856495, 0.9495107436831582), (0.0, 0.0, 8.5)), ((3.4562528463072177, 12.220651220879894, 7.98), (2.1910869800888575, 7.747265888514464, 0.9741107436831582), (0.0, 0.0, 8.5)), ((3.2351595292680484, 12.28103183043616, 8.02), (2.0568123039445703, 7.8078923606252575, 0.9989107436831581), (0.0, 0.0, 8.5)), ((3.0130126026099693, 12.337412818598294, 8.06), (1.9210494306680828, 7.866140304409937, 1.0238107436831583), (0.0, 0.0, 8.5)), ((2.7898844139673455, 12.38977582350472, 8.1), (1.7838413723310358, 7.921975045713573, 1.0488107436831582), (0.0, 0.0, 8.5)), ((2.565847630546749, 12.438103791849368, 8.14), (1.6452319291315247, 7.975362703763493, 1.0739107436831583), (0.0, 0.0, 8.5)), ((2.340975215461084, 12.4823809844355, 8.18), (1.5052656744633586, 8.026270208821549, 1.0991107436831582), (0.0, 0.0, 8.5)), ((2.1153404039673513, 12.522592981301566, 8.22), (1.36400294106993, 8.074754126703018, 1.124510743683158), (0.0, 0.0, 8.5)), ((1.8890166796157752, 12.558726686417433, 8.26), (1.2214714241045737, 8.120693658310412, 1.1500107436831581), (0.0, 0.0, 8.5)), ((1.662077750318069, 12.590770331949416, 8.3), (1.0777179710710614, 8.164058181859126, 1.175610743683158), (0.0, 0.0, 8.5)), ((1.4345975243426354, 12.618713482092774, 8.34), (0.9328001250309701, 8.204905776078029, 1.2014107436831583), (0.0, 0.0, 8.5)), ((1.206650086244511, 12.642547036470384, 8.38), (0.7867528771490226, 8.24311900261978, 1.2273107436831583), (0.0, 0.0, 8.5)), ((0.9783096727379024, 12.6622632330965, 8.42), (0.6396184875931749, 8.278582829498044, 1.2532107436831579), (0.0, 0.0, 8.5)), ((0.7496506485191654, 12.677855650904643, 8.46), (0.491466770101045, 8.311531219062358, 1.279410743683158), (0.0, 0.0, 8.5)), ((0.5207474820481046, 12.689319211838772, 8.5), (0.34232784375900405, 8.34167698223685, 1.3056107436831579), (0.0, 0.0, 8.5)), ((0.2916747212954803, 12.696650182507085, 8.54), (0.19225934490046645, 8.36908195429902, 1.3319107436831579), (0.0, 0.0, 8.5)), ((0.06250696946462034, 12.699846175397887, 8.58), (0.04131321208051438, 8.393807009490237, 1.3584107436831583), (0.0, 0.0, 8.5)), ((-0.1666811393049566, 12.698906149657143, 8.620000000000001), (-0.11046192272423444, 8.415742750709764, 1.385010743683158), (0.0, 0.0, 8.5)), ((-0.3958149642439917, 12.693830411427456, 8.66), (-0.2630133243686983, 8.434866887508523, 1.411710743683158), (0.0, 0.0, 8.5)), ((-0.6248198822620965, 12.684620613748365, 8.7), (-0.41629181352703226, 8.451241500321917, 1.4386107436831579), (0.0, 0.0, 8.5)), ((-0.8536213122506059, 12.671279756017999, 8.74), (-0.5702368307964937, 8.464679016924746, 1.4655107436831583), (0.0, 0.0, 8.5)), ((-1.0821447393717583, 12.653812183016232, 8.78), (-0.7248036882095528, 8.475326272422384, 1.4926107436831577), (0.0, 0.0, 8.5)), ((-1.3103157393262932, 12.632223583489717, 8.82), (-0.87993340190601, 8.483081701493218, 1.5198107436831583), (0.0, 0.0, 8.5)), ((-1.5380600025915632, 12.606520988299192, 8.86), (-1.0355706242742297, 8.487928161308513, 1.5471107436831577), (0.0, 0.0, 8.5)), ((-1.7653033586222653, 12.576712768129713, 8.9), (-1.191670787878241, 8.489929586386976, 1.5746107436831585), (0.0, 0.0, 8.5)), ((-1.991971800005912, 12.542808630764531, 8.94), (-1.348156571580921, 8.48891027553548, 1.6021107436831583), (0.0, 0.0, 8.5)), ((-2.2179915065651716, 12.504819617923513, 8.98), (-1.504995117841148, 8.485015573212753, 1.6298107436831577), (0.0, 0.0, 8.5)), ((-2.443288869399234, 12.462758101667134, 9.02), (-1.6621181180546871, 8.47815266592164, 1.6576107436831578), (0.0, 0.0, 8.5)), ((-2.6677905148563674, 12.41663778036721, 9.06), (-1.819468130040181, 8.46830986084652, 1.6855107436831585), (0.0, 0.0, 8.5)), ((-2.891423328429861, 12.366473674245686, 9.1), (-1.9769873719417372, 8.455476598340212, 1.713510743683158), (0.0, 0.0, 8.5)), ((-3.1141144785695696, 12.31228212048292, 9.14), (-2.1346177449187014, 8.439643460667002, 1.7416107436831583), (0.0, 0.0, 8.5)), ((-3.3357914404013056, 12.254080767897092, 9.18), (-2.2923008560465363, 8.420802180286962, 1.7698107436831583), (0.0, 0.0, 8.5)), ((-3.556382019346359, 12.19188857119642, 9.22), (-2.4499994920115715, 8.399019183991616, 1.7982107436831578), (0.0, 0.0, 8.5)), ((-3.775814374633443, 12.125725784806097, 9.26), (-2.6076356320028746, 8.374213211534274, 1.826710743683158), (0.0, 0.0, 8.5)), ((-3.994017042695417, 12.05561395627193, 9.3), (-2.7651500668672755, 8.346379442290615, 1.855310743683158), (0.0, 0.0, 8.5)), ((-4.210918960443163, 11.981575919242855, 9.34), (-2.922483386192215, 8.315514236517823, 1.8840107436831577), (0.0, 0.0, 8.5)), ((-4.426449488409033, 11.903635786034593, 9.38), (-3.079576002176427, 8.281615141280295, 1.912810743683158), (0.0, 0.0, 8.5)), ((-4.640538433752342, 11.82181893977688, 9.42), (-3.2363681736542236, 8.244680895889003, 1.9417107436831582), (0.0, 0.0, 8.5)), ((-4.853116073119396, 11.736152026146822, 9.46), (-3.3928000302634214, 8.204711436850781, 1.9707107436831581), (0.0, 0.0, 8.5)), ((-5.064113175350624, 11.646662944691077, 9.5), (-3.5488407198266416, 8.161774880821861, 1.9999107436831585), (0.0, 0.0, 8.5))]
adjusted leg2:[((19.501394713836987, 11.1925538412254, 7.5), (17.70570180733458, 7.843600723378431, 0.0), (13.5, 0.0, 6.5)), ((19.29843971511623, 11.299030793398291, 7.54), (17.5731472282005, 7.937068973486738, 0.029110743683157914), (13.5, 0.0, 6.5)), ((19.09359631126329, 11.401827937073147, 7.58), (17.438613707329573, 8.028358376728725, 0.058510743683157784), (13.5, 0.0, 6.5)), ((18.886931214592877, 11.500911793820736, 7.62), (17.302046618972742, 8.117238007856125, 0.08791074368315765), (13.5, 0.0, 6.5)), ((18.678511730698972, 11.596250094535437, 7.66), (17.16355001886415, 8.203793765830572, 0.11751074368315795), (13.5, 0.0, 6.5)), ((18.468405736535097, 11.687811789944478, 7.7), (17.023135118999114, 8.287918170330856, 0.147210743683158), (13.5, 0.0, 6.5)), ((18.2566816583085, 11.775567060719899, 7.74), (16.880845788816675, 8.369569201383205, 0.17701074368315783), (13.5, 0.0, 6.5)), ((18.043408449195486, 11.859487327189951, 7.78), (16.736726813871705, 8.448705649056159, 0.20691074368315832), (13.5, 0.0, 6.5)), ((17.82865556688509, 11.939545258646776, 7.82), (16.590823880618927, 8.525287133370012, 0.23691074368315768), (13.5, 0.0, 6.5)), ((17.612492950958483, 12.01571478224732, 7.86), (16.4431835607665, 8.599274123917242, 0.2670107436831577), (13.5, 0.0, 6.5)), ((17.394991000111403, 12.087971091504611, 7.9), (16.293853295204634, 8.67062795918465, 0.29721074368315836), (13.5, 0.0, 6.5)), ((17.17622054922711, 12.156290654366583, 7.94), (16.142881377515025, 8.739310865568145, 0.3275107436831579), (13.5, 0.0, 6.5)), ((16.95625284630722, 12.220651220879894, 7.98), (15.990335203760502, 8.805350563617534, 0.3580107436831579), (13.5, 0.0, 6.5)), ((16.73515952926805, 12.28103183043616, 8.02), (15.836226897149373, 8.86858178938209, 0.38851074368315786), (13.5, 0.0, 6.5)), ((16.51301260260997, 12.337412818598294, 8.06), (15.680626775910843, 8.929034254419179, 0.4191107436831585), (13.5, 0.0, 6.5)), ((16.289884413967346, 12.38977582350472, 8.1), (15.523600799747577, 8.986737995171579, 0.44991074368315775), (13.5, 0.0, 6.5)), ((16.06584763054675, 12.438103791849368, 8.14), (15.365171153432978, 9.041531585809459, 0.4807107436831579), (13.5, 0.0, 6.5)), ((15.840975215461084, 12.4823809844355, 8.18), (15.205406573957886, 9.093447230414341, 0.5116107436831578), (13.5, 0.0, 6.5)), ((15.615340403967352, 12.522592981301566, 8.22), (15.04437153059649, 9.142517229519175, 0.5427107436831582), (13.5, 0.0, 6.5)), ((15.389016679615775, 12.558726686417433, 8.26), (14.882097878496152, 9.188584567416859, 0.5738107436831577), (13.5, 0.0, 6.5)), ((15.162077750318069, 12.590770331949416, 8.3), (14.718652708993444, 9.231683879053266, 0.6050107436831578), (13.5, 0.0, 6.5)), ((14.934597524342635, 12.618713482092774, 8.34), (14.554098946962906, 9.27184967755719, 0.6364107436831583), (13.5, 0.0, 6.5)), ((14.706650086244512, 12.642547036470384, 8.38), (14.388477696218663, 9.308929898856494, 0.667810743683158), (13.5, 0.0, 6.5)), ((14.478309672737902, 12.6622632330965, 8.42), (14.221854338754932, 9.34296154681539, 0.6993107436831583), (13.5, 0.0, 6.5)), ((14.249650648519165, 12.677855650904643, 8.46), (14.054286574626804, 9.37391996689955, 0.7309107436831583), (13.5, 0.0, 6.5)), ((14.020747482048105, 12.689319211838772, 8.5), (13.885835185404812, 9.401842542770805, 0.7627107436831579), (13.5, 0.0, 6.5)), ((13.79167472129548, 12.696650182507085, 8.54), (13.716552901428683, 9.426584598195463, 0.7945107436831584), (13.5, 0.0, 6.5)), ((13.56250696946462, 12.699846175397887, 8.58), (13.546502727518673, 9.448186198786484, 0.8264107436831578), (13.5, 0.0, 6.5)), ((13.333318860695043, 12.698906149657143, 8.620000000000001), (13.375744556682784, 9.466627237185186, 0.8584107436831578), (13.5, 0.0, 6.5)), ((13.104185035756009, 12.693830411427456, 8.66), (13.204338773687416, 9.48188877400074, 0.8905107436831585), (13.5, 0.0, 6.5)), ((12.875180117737903, 12.684620613748365, 8.7), (13.032346231931387, 9.493953049419613, 0.9227107436831581), (13.5, 0.0, 6.5)), ((12.646378687749394, 12.671279756017999, 8.74), (12.859832143256554, 9.502745406179837, 0.9549107436831576), (13.5, 0.0, 6.5)), ((12.417855260628242, 12.653812183016232, 8.78), (12.686851410389497, 9.508367185511048, 0.9873107436831585), (13.5, 0.0, 6.5)), ((12.189684260673706, 12.632223583489717, 8.82), (12.513469037734781, 9.510745626681512, 1.0198107436831583), (13.5, 0.0, 6.5)), ((11.961939997408436, 12.606520988299192, 8.86), (12.339754402987133, 9.509811350453925, 1.052310743683158), (13.5, 0.0, 6.5)), ((11.734696641377734, 12.576712768129713, 8.9), (12.165757528489115, 9.505666119804003, 1.0850107436831582), (13.5, 0.0, 6.5)), ((11.508028199994088, 12.542808630764531, 8.94), (11.991556270331737, 9.49818718891983, 1.1177107436831584), (13.5, 0.0, 6.5)), ((11.282008493434828, 12.504819617923513, 8.98), (11.81720715096393, 9.487421827018325, 1.1505107436831583), (13.5, 0.0, 6.5)), ((11.056711130600766, 12.462758101667134, 9.02), (11.642773853338536, 9.47336211277566, 1.183410743683158), (13.5, 0.0, 6.5)), ((10.832209485143633, 12.41663778036721, 9.06), (11.468320309308698, 9.456001385626259, 1.2164107436831584), (13.5, 0.0, 6.5)), ((10.60857667157014, 12.366473674245686, 9.1), (11.2939106743078, 9.435334252498336, 1.2495107436831585), (13.5, 0.0, 6.5)), ((10.385885521430431, 12.31228212048292, 9.14), (11.11962248029204, 9.411304490438004, 1.2826107436831578), (13.5, 0.0, 6.5)), ((10.164208559598695, 12.254080767897092, 9.18), (10.945494718659967, 9.384014138424249, 1.3159107436831583), (13.5, 0.0, 6.5)), ((9.943617980653642, 12.19188857119642, 9.22), (10.771619202337096, 9.353358127429706, 1.349210743683158), (13.5, 0.0, 6.5)), ((9.724185625366557, 12.125725784806097, 9.26), (10.59804748705951, 9.319388328209707, 1.3826107436831583), (13.5, 0.0, 6.5)), ((9.505982957304584, 12.05561395627193, 9.3), (10.424844401154402, 9.28210579946139, 1.4161107436831584), (13.5, 0.0, 6.5)), ((9.289081039556837, 11.981575919242855, 9.34), (10.252074840977862, 9.241512895025451, 1.4497107436831582), (13.5, 0.0, 6.5)), ((9.073550511590966, 11.903635786034593, 9.38), (10.079803744678758, 9.197613266956433, 1.4834107436831578), (13.5, 0.0, 6.5)), ((8.859461566247658, 11.82181893977688, 9.42), (9.908114587641892, 9.150364683649018, 1.5171107436831583), (13.5, 0.0, 6.5)), ((8.646883926880605, 11.736152026146822, 9.46), (9.737055157735298, 9.099822066781453, 1.5509107436831577), (13.5, 0.0, 6.5)), ((8.435886824649376, 11.646662944691077, 9.5), (9.566690299370165, 9.045993000965606, 1.5848107436831578), (13.5, 0.0, 6.5))]
adjusted central:[(12.751394713836987, 11.1925538412254, 7.5), (12.548439715116231, 11.29903079339829, 7.54), (12.34359631126329, 11.401827937073147, 7.58), (12.136931214592877, 11.500911793820736, 7.62), (11.928511730698972, 11.596250094535437, 7.66), (11.718405736535097, 11.68781178994448, 7.7), (11.506681658308501, 11.775567060719899, 7.74), (11.293408449195486, 11.859487327189951, 7.78), (11.07865556688509, 11.939545258646776, 7.82), (10.862492950958483, 12.01571478224732, 7.86), (10.644991000111403, 12.08797109150461, 7.9), (10.42622054922711, 12.156290654366583, 7.94), (10.206252846307219, 12.220651220879894, 7.98), (9.98515952926805, 12.28103183043616, 8.02), (9.763012602609969, 12.337412818598294, 8.06), (9.539884413967346, 12.38977582350472, 8.1), (9.315847630546749, 12.438103791849368, 8.14), (9.090975215461084, 12.4823809844355, 8.18), (8.865340403967352, 12.522592981301566, 8.22), (8.639016679615775, 12.558726686417433, 8.26), (8.412077750318069, 12.590770331949416, 8.3), (8.184597524342635, 12.618713482092774, 8.34), (7.956650086244512, 12.642547036470384, 8.38), (7.728309672737902, 12.6622632330965, 8.42), (7.4996506485191645, 12.677855650904643, 8.46), (7.270747482048105, 12.689319211838772, 8.5), (7.041674721295481, 12.696650182507085, 8.54), (6.81250696946462, 12.699846175397887, 8.58), (6.583318860695043, 12.698906149657143, 8.620000000000001), (6.354185035756009, 12.693830411427456, 8.66), (6.125180117737903, 12.684620613748365, 8.7), (5.896378687749394, 12.671279756017999, 8.74), (5.667855260628242, 12.653812183016232, 8.78), (5.439684260673706, 12.632223583489717, 8.82), (5.211939997408436, 12.606520988299192, 8.86), (4.9846966413777345, 12.576712768129713, 8.9), (4.758028199994088, 12.542808630764531, 8.94), (4.532008493434828, 12.504819617923513, 8.98), (4.306711130600766, 12.462758101667134, 9.02), (4.082209485143633, 12.41663778036721, 9.06), (3.8585766715701393, 12.366473674245686, 9.1), (3.635885521430431, 12.31228212048292, 9.14), (3.414208559598695, 12.254080767897092, 9.18), (3.1936179806536416, 12.19188857119642, 9.22), (2.974185625366557, 12.125725784806097, 9.26), (2.7559829573045835, 12.05561395627193, 9.3), (2.5390810395568373, 11.981575919242855, 9.34), (2.3235505115909665, 11.903635786034593, 9.38), (2.109461566247658, 11.82181893977688, 9.42), (1.8968839268806046, 11.736152026146822, 9.46), (1.6858868246493763, 11.646662944691077, 9.5)]

leg2 steps:[((13.5, 12.7, 9.5), (13.5, 9.864122595273615, 1.5848107436831578), (13.5, 0.0, 6.5)), ((13.5, 12.7, 9.5), (13.5, 10.308555898072282, 1.4394107436831582), (13.5, 0.56, 6.58)), ((13.5, 12.7, 9.5), (13.5, 10.465500980182469, 1.394510743683158), (13.5, 0.7838367176906175, 6.66)), ((13.5, 12.7, 9.5), (13.5, 10.571809945122792, 1.366010743683158), (13.5, 0.9499473669630336, 6.74)), ((13.5, 12.7, 9.5), (13.5, 10.650383301310148, 1.3458107436831588), (13.5, 1.0851727973000433, 6.82)), ((13.5, 12.7, 9.5), (13.5, 10.710329051248836, 1.3310107436831586), (13.5, 1.2000000000000006, 6.9)), ((13.5, 12.7, 9.5), (13.5, 10.756300111127775, 1.3200107436831585), (13.5, 1.2998461447417542, 6.98)), ((13.5, 12.7, 9.5), (13.5, 10.791049756334557, 1.311810743683159), (13.5, 1.3879481258317983, 7.0600000000000005)), ((13.5, 12.7, 9.5), (13.5, 10.816472486931264, 1.3059107436831576), (13.5, 1.4664242223858686, 7.14)), ((13.5, 12.7, 9.5), (13.5, 10.833857945550914, 1.301910743683158), (13.5, 1.5367498169838834, 7.22)), ((13.5, 12.7, 9.5), (13.5, 10.844205145531843, 1.299610743683158), (13.5, 1.5999999999999999, 7.3)), ((13.5, 12.7, 9.5), (13.5, 10.848172350831257, 1.2987107436831584), (13.5, 1.6569852141766381, 7.38)), ((13.5, 12.7, 9.5), (13.5, 10.84635438347459, 1.2991107436831584), (13.5, 1.70833252032501, 7.46)), ((13.5, 12.7, 9.5), (13.5, 10.839209208679955, 1.3007107436831582), (13.5, 1.7545369759569047, 7.54)), ((13.5, 12.7, 9.5), (13.5, 10.827091833864936, 1.3034107436831581), (13.5, 1.7959955456514918, 7.62)), ((13.5, 12.7, 9.5), (13.5, 10.810419880320604, 1.307310743683158), (13.5, 1.8330302779823362, 7.7)), ((13.5, 12.7, 9.5), (13.5, 10.789340163123034, 1.312210743683158), (13.5, 1.8659046063504963, 7.78)), ((13.5, 12.7, 9.5), (13.5, 10.764090124807064, 1.3181107436831585), (13.5, 1.894835085172322, 7.86)), ((13.5, 12.7, 9.5), (13.5, 10.734944136332572, 1.3251107436831573), (13.5, 1.92, 7.9399999999999995)), ((13.5, 12.7, 9.5), (13.5, 10.701997366665017, 1.3331107436831573), (13.5, 1.9415457759218555, 8.02)), ((13.5, 12.7, 9.5), (13.5, 10.665390597286338, 1.3421107436831576), (13.5, 1.9595917942265424, 8.1)), ((13.5, 12.7, 9.5), (13.5, 10.62532031141541, 1.352210743683158), (13.5, 1.9742340286804905, 8.18)), ((13.5, 12.7, 9.5), (13.5, 10.58188750615074, 1.3634107436831577), (13.5, 1.9855477833585369, 8.26)), ((13.5, 12.7, 9.5), (13.5, 10.53517477639592, 1.3757107436831584), (13.5, 1.993589727100338, 8.34)), ((13.5, 12.7, 9.5), (13.5, 10.485247788993485, 1.3891107436831582), (13.5, 1.9983993594874874, 8.42)), ((13.5, 12.7, 9.5), (13.5, 10.432324592811486, 1.4038107436831582), (13.5, 2.0, 8.5)), ((13.5, 12.7, 9.5), (13.5, 10.376361985679706, 1.419710743683158), (13.5, 1.9983993594874874, 8.58)), ((13.5, 12.7, 9.5), (13.5, 10.317383151220673, 1.436810743683158), (13.5, 1.993589727100338, 8.66)), ((13.5, 12.7, 9.5), (13.5, 10.255572114574376, 1.4553107436831585), (13.5, 1.9855477833585369, 8.74)), ((13.5, 12.7, 9.5), (13.5, 10.191018054571883, 1.4753107436831585), (13.5, 1.9742340286804905, 8.82)), ((13.5, 12.7, 9.5), (13.5, 10.123526355420204, 1.4966107436831586), (13.5, 1.9595917942265424, 8.9)), ((13.5, 12.7, 9.5), (13.5, 10.053425468337926, 1.5196107436831587), (13.5, 1.9415457759218555, 8.98)), ((13.5, 12.7, 9.5), (13.5, 9.980484395294186, 1.5441107436831585), (13.5, 1.92, 9.06)), ((13.5, 12.7, 9.5), (13.5, 9.904911145401252, 1.5704107436831585), (13.5, 1.8948350851723217, 9.14)), ((13.5, 12.7, 9.5), (13.5, 9.826518728891275, 1.598410743683159), (13.5, 1.8659046063504958, 9.22)), ((13.5, 12.7, 9.5), (13.5, 9.745471006503719, 1.6284107436831587), (13.5, 1.8330302779823358, 9.3)), ((13.5, 12.7, 9.5), (13.5, 9.661613240006943, 1.660410743683157), (13.5, 1.7959955456514924, 9.379999999999999)), ((13.5, 12.7, 9.5), (13.5, 9.574842379841568, 1.6945107436831588), (13.5, 1.7545369759569043, 9.46)), ((13.5, 12.7, 9.5), (13.5, 9.485201221462258, 1.7310107436831572), (13.5, 1.7083325203250104, 9.54)), ((13.5, 12.7, 9.5), (13.5, 9.392466367647968, 1.7700107436831591), (13.5, 1.6569852141766377, 9.620000000000001)), ((13.5, 12.7, 9.5), (13.5, 9.296523257713677, 1.8118107436831572), (13.5, 1.6000000000000005, 9.7)), ((13.5, 12.7, 9.5), (13.5, 9.197030666462108, 1.8566107436831594), (13.5, 1.5367498169838827, 9.780000000000001)), ((13.5, 12.7, 9.5), (13.5, 9.093675620902971, 1.9048107436831576), (13.5, 1.4664242223858694, 9.86)), ((13.5, 12.7, 9.5), (13.5, 8.985993001040065, 1.9569107436831574), (13.5, 1.3879481258317983, 9.94)), ((13.5, 12.7, 9.5), (13.5, 8.873229126506441, 2.013510743683158), (13.5, 1.2998461447417542, 10.02)), ((13.5, 12.7, 9.5), (13.5, 8.75420196098862, 2.075410743683158), (13.5, 1.2000000000000006, 10.1)), ((13.5, 12.7, 9.5), (13.5, 8.627459653954515, 2.144210743683158), (13.5, 1.0851727973000433, 10.18)), ((13.5, 12.7, 9.5), (13.5, 8.489889589243985, 2.2220107436831578), (13.5, 0.9499473669630336, 10.26)), ((13.5, 12.7, 9.5), (13.5, 8.335913578420984, 2.313410743683158), (13.5, 0.7838367176906175, 10.34)), ((13.5, 12.7, 9.5), (13.5, 8.150157003437666, 2.429410743683158), (13.5, 0.56, 10.42)), ((13.5, 12.7, 9.5), (13.5, 7.772850113097357, 2.687010743683158), (13.5, 0.0, 10.5))]
leg2 weight center movements:[(13.5, 7.337848464383506, 7.110048177315218), (13.5, 7.623807115980197, 7.118513293594288), (13.5, 6.8181259640234755, 1.635221601008382), (13.5, 7.70346834622644, 4.557487058764387), (13.5, 7.828095638103278, 5.046105689987689), (13.5, 7.904420800760668, 5.309534215814453), (13.5, 7.961871108578365, 5.496373354319651), (13.5, 8.007713103642196, 5.59991679938532), (13.5, 8.045784482205207, 5.710479660022166), (13.5, 8.07852007247147, 5.822980123955609), (13.5, 8.105752574698574, 5.856041109854936), (13.5, 8.129331019763356, 5.934092300449142), (13.5, 8.149422588899215, 6.0137418977512995), (13.5, 8.166169368070557, 6.040706064833779), (13.5, 8.180537625667393, 6.0915016782814915), (13.5, 8.192821874468995, 6.167668673160894), (13.5, 8.202603996904225, 6.188922560732273), (13.5, 8.210700991024385, 6.242575032895721), (13.5, 8.216593212346014, 6.290222827106664), (13.5, 8.220995161947076, 6.346088754388195), (13.5, 8.22309746294124, 6.369419638138054), (13.5, 8.22314498772073, 6.4398766491453046), (13.5, 8.22224578698604, 6.472022592115023), (13.5, 8.21925776631674, 6.525204455420855), (13.5, 8.21448723186777, 6.551437644993969), (13.5, 8.208292548600543, 6.635633969917028), (13.5, 8.199541992157004, 6.656611546922978), (13.5, 8.190754932219988, 6.752113787701584), (13.5, 8.178652259998469, 6.775294794629892), (13.5, 8.165756161516398, 6.837139633907718), (13.5, 8.152011443024351, 6.9084128469433495), (13.5, 8.134997181475722, 6.997552214211507), (13.5, 8.115997166582098, 7.025882621115805), (13.5, 8.097102048209702, 7.103344773031087), (13.5, 8.075544771961345, 7.207636222397174), (13.5, 8.051988366908047, 7.28218272720021), (13.5, 8.026492716655875, 7.392604721130245), (13.5, 7.998771187003201, 7.47263154878982), (13.5, 7.968785409534253, 7.555401766960197), (13.5, 7.937576932408068, 7.719538107665465), (13.5, 7.902473874364623, 7.809603197515118), (13.5, 7.865616791077651, 7.948068494075522), (13.5, 7.824312471701427, 8.11786116883618), (13.5, 7.781563091378456, 8.277356428825845), (13.5, 7.7344362149946395, 8.480311004052217), (13.5, 7.6832402577686425, 8.739506088693023), (13.5, 7.6251630279308324, 8.972842070444408), (13.5, 7.55916498117474, 9.381785631833932), (13.5, 7.485219839939916, 9.822655168870426), (13.5, 7.392059074672218, 10.54470489730152), (13.5, 7.168396440875919, 11.957592943568986)]
still leg coordinates:[(0.0, 8.9, 8.5), (0.0, 8.899934812116006, 1.9999107436831585), (0.0, 0.0, 8.5)]
body particle:(6.75, 22.4, 9.5)
target position:(0.0, 0.0, 8.5)
side move degrees:[-23.5, -23.5, -23.5, -23.5, -23.5, -23.5, -23.5, -23.5, -23.5, -23.5, -23.5, -23.5, -23.5, -23.5, -23.5, -23.5, -23.5, -23.5, -23.5, -23.5, -23.5, -23.5, -23.5, -23.5, -23.5, -23.5, -23.5, -23.5, -23.5, -23.5, -23.5, -23.5, -23.5, -23.5, -23.5, -23.5, -23.5, -23.5, -23.5, -23.5, -23.5, -23.5, -23.5, -23.5, -23.5, -23.5, -23.5, -23.5, -23.5, -23.5, -23.5]
adjusted leg1:[((6.001394713836986, 11.1925538412254, 7.5), (3.6730662661566695, 6.850239637056466, 0.6870107436831581), (0.0, 0.0, 8.5)), ((5.798439715116232, 11.29903079339829, 7.54), (3.5594660541114687, 6.936092902477505, 0.7102107436831582), (0.0, 0.0, 8.5)), ((5.593596311263291, 11.401827937073147, 7.58), (3.443986766563548, 7.020124861503638, 0.7336107436831583), (0.0, 0.0, 8.5)), ((5.3869312145928765, 11.500911793820736, 7.62), (3.326613401022582, 7.102204534125316, 0.7571107436831581), (0.0, 0.0, 8.5)), ((5.178511730698971, 11.596250094535437, 7.66), (3.207379382079421, 7.1822900858099015, 0.7807107436831582), (0.0, 0.0, 8.5)), ((4.968405736535096, 11.68781178994448, 7.7), (3.0863190519331676, 7.260340261154099, 0.804410743683158), (0.0, 0.0, 8.5)), ((4.7566816583085005, 11.775567060719899, 7.74), (2.9635039756660353, 7.336404305974714, 0.8283107436831583), (0.0, 0.0, 8.5)), ((4.5434084491954865, 11.859487327189951, 7.78), (2.8389303093209324, 7.410352470539772, 0.8523107436831583), (0.0, 0.0, 8.5)), ((4.32865556688509, 11.939545258646776, 7.82), (2.7126351131488335, 7.482145253460562, 0.8764107436831581), (0.0, 0.0, 8.5)), ((4.112492950958481, 12.01571478224732, 7.86), (2.584656323944436, 7.551743813058688, 0.9006107436831581), (0.0, 0.0, 8.5)), ((3.894991000111405, 12.08797109150461, 7.9), (2.4550617652886295, 7.61920005612809, 0.925010743683158), (0.0, 0.0, 8.5)), ((3.6762205492271107, 12.156290654366583, 7.94), (2.3238584746049957, 7.6843863632856495, 0.9495107436831582), (0.0, 0.0, 8.5)), ((3.4562528463072177, 12.220651220879894, 7.98), (2.1910869800888575, 7.747265888514464, 0.9741107436831582), (0.0, 0.0, 8.5)), ((3.2351595292680484, 12.28103183043616, 8.02), (2.0568123039445703, 7.8078923606252575, 0.9989107436831581), (0.0, 0.0, 8.5)), ((3.0130126026099693, 12.337412818598294, 8.06), (1.9210494306680828, 7.866140304409937, 1.0238107436831583), (0.0, 0.0, 8.5)), ((2.7898844139673455, 12.38977582350472, 8.1), (1.7838413723310358, 7.921975045713573, 1.0488107436831582), (0.0, 0.0, 8.5)), ((2.565847630546749, 12.438103791849368, 8.14), (1.6452319291315247, 7.975362703763493, 1.0739107436831583), (0.0, 0.0, 8.5)), ((2.340975215461084, 12.4823809844355, 8.18), (1.5052656744633586, 8.026270208821549, 1.0991107436831582), (0.0, 0.0, 8.5)), ((2.1153404039673513, 12.522592981301566, 8.22), (1.36400294106993, 8.074754126703018, 1.124510743683158), (0.0, 0.0, 8.5)), ((1.8890166796157752, 12.558726686417433, 8.26), (1.2214714241045737, 8.120693658310412, 1.1500107436831581), (0.0, 0.0, 8.5)), ((1.662077750318069, 12.590770331949416, 8.3), (1.0777179710710614, 8.164058181859126, 1.175610743683158), (0.0, 0.0, 8.5)), ((1.4345975243426354, 12.618713482092774, 8.34), (0.9328001250309701, 8.204905776078029, 1.2014107436831583), (0.0, 0.0, 8.5)), ((1.206650086244511, 12.642547036470384, 8.38), (0.7867528771490226, 8.24311900261978, 1.2273107436831583), (0.0, 0.0, 8.5)), ((0.9783096727379024, 12.6622632330965, 8.42), (0.6396184875931749, 8.278582829498044, 1.2532107436831579), (0.0, 0.0, 8.5)), ((0.7496506485191654, 12.677855650904643, 8.46), (0.491466770101045, 8.311531219062358, 1.279410743683158), (0.0, 0.0, 8.5)), ((0.5207474820481046, 12.689319211838772, 8.5), (0.34232784375900405, 8.34167698223685, 1.3056107436831579), (0.0, 0.0, 8.5)), ((0.2916747212954803, 12.696650182507085, 8.54), (0.19225934490046645, 8.36908195429902, 1.3319107436831579), (0.0, 0.0, 8.5)), ((0.06250696946462034, 12.699846175397887, 8.58), (0.04131321208051438, 8.393807009490237, 1.3584107436831583), (0.0, 0.0, 8.5)), ((-0.1666811393049566, 12.698906149657143, 8.620000000000001), (-0.11046192272423444, 8.415742750709764, 1.385010743683158), (0.0, 0.0, 8.5)), ((-0.3958149642439917, 12.693830411427456, 8.66), (-0.2630133243686983, 8.434866887508523, 1.411710743683158), (0.0, 0.0, 8.5)), ((-0.6248198822620965, 12.684620613748365, 8.7), (-0.41629181352703226, 8.451241500321917, 1.4386107436831579), (0.0, 0.0, 8.5)), ((-0.8536213122506059, 12.671279756017999, 8.74), (-0.5702368307964937, 8.464679016924746, 1.4655107436831583), (0.0, 0.0, 8.5)), ((-1.0821447393717583, 12.653812183016232, 8.78), (-0.7248036882095528, 8.475326272422384, 1.4926107436831577), (0.0, 0.0, 8.5)), ((-1.3103157393262932, 12.632223583489717, 8.82), (-0.87993340190601, 8.483081701493218, 1.5198107436831583), (0.0, 0.0, 8.5)), ((-1.5380600025915632, 12.606520988299192, 8.86), (-1.0355706242742297, 8.487928161308513, 1.5471107436831577), (0.0, 0.0, 8.5)), ((-1.7653033586222653, 12.576712768129713, 8.9), (-1.191670787878241, 8.489929586386976, 1.5746107436831585), (0.0, 0.0, 8.5)), ((-1.991971800005912, 12.542808630764531, 8.94), (-1.348156571580921, 8.48891027553548, 1.6021107436831583), (0.0, 0.0, 8.5)), ((-2.2179915065651716, 12.504819617923513, 8.98), (-1.504995117841148, 8.485015573212753, 1.6298107436831577), (0.0, 0.0, 8.5)), ((-2.443288869399234, 12.462758101667134, 9.02), (-1.6621181180546871, 8.47815266592164, 1.6576107436831578), (0.0, 0.0, 8.5)), ((-2.6677905148563674, 12.41663778036721, 9.06), (-1.819468130040181, 8.46830986084652, 1.6855107436831585), (0.0, 0.0, 8.5)), ((-2.891423328429861, 12.366473674245686, 9.1), (-1.9769873719417372, 8.455476598340212, 1.713510743683158), (0.0, 0.0, 8.5)), ((-3.1141144785695696, 12.31228212048292, 9.14), (-2.1346177449187014, 8.439643460667002, 1.7416107436831583), (0.0, 0.0, 8.5)), ((-3.3357914404013056, 12.254080767897092, 9.18), (-2.2923008560465363, 8.420802180286962, 1.7698107436831583), (0.0, 0.0, 8.5)), ((-3.556382019346359, 12.19188857119642, 9.22), (-2.4499994920115715, 8.399019183991616, 1.7982107436831578), (0.0, 0.0, 8.5)), ((-3.775814374633443, 12.125725784806097, 9.26), (-2.6076356320028746, 8.374213211534274, 1.826710743683158), (0.0, 0.0, 8.5)), ((-3.994017042695417, 12.05561395627193, 9.3), (-2.7651500668672755, 8.346379442290615, 1.855310743683158), (0.0, 0.0, 8.5)), ((-4.210918960443163, 11.981575919242855, 9.34), (-2.922483386192215, 8.315514236517823, 1.8840107436831577), (0.0, 0.0, 8.5)), ((-4.426449488409033, 11.903635786034593, 9.38), (-3.079576002176427, 8.281615141280295, 1.912810743683158), (0.0, 0.0, 8.5)), ((-4.640538433752342, 11.82181893977688, 9.42), (-3.2363681736542236, 8.244680895889003, 1.9417107436831582), (0.0, 0.0, 8.5)), ((-4.853116073119396, 11.736152026146822, 9.46), (-3.3928000302634214, 8.204711436850781, 1.9707107436831581), (0.0, 0.0, 8.5)), ((-5.064113175350624, 11.646662944691077, 9.5), (-3.5488407198266416, 8.161774880821861, 1.9999107436831585), (0.0, 0.0, 8.5))]
adjusted leg2:[((19.501394713836987, 11.1925538412254, 7.5), (17.70570180733458, 7.843600723378431, 0.0), (13.5, 0.0, 6.5)), ((19.29843971511623, 11.299030793398291, 7.54), (17.5731472282005, 7.937068973486738, 0.029110743683157914), (13.5, 0.0, 6.5)), ((19.09359631126329, 11.401827937073147, 7.58), (17.438613707329573, 8.028358376728725, 0.058510743683157784), (13.5, 0.0, 6.5)), ((18.886931214592877, 11.500911793820736, 7.62), (17.302046618972742, 8.117238007856125, 0.08791074368315765), (13.5, 0.0, 6.5)), ((18.678511730698972, 11.596250094535437, 7.66), (17.16355001886415, 8.203793765830572, 0.11751074368315795), (13.5, 0.0, 6.5)), ((18.468405736535097, 11.687811789944478, 7.7), (17.023135118999114, 8.287918170330856, 0.147210743683158), (13.5, 0.0, 6.5)), ((18.2566816583085, 11.775567060719899, 7.74), (16.880845788816675, 8.369569201383205, 0.17701074368315783), (13.5, 0.0, 6.5)), ((18.043408449195486, 11.859487327189951, 7.78), (16.736726813871705, 8.448705649056159, 0.20691074368315832), (13.5, 0.0, 6.5)), ((17.82865556688509, 11.939545258646776, 7.82), (16.590823880618927, 8.525287133370012, 0.23691074368315768), (13.5, 0.0, 6.5)), ((17.612492950958483, 12.01571478224732, 7.86), (16.4431835607665, 8.599274123917242, 0.2670107436831577), (13.5, 0.0, 6.5)), ((17.394991000111403, 12.087971091504611, 7.9), (16.293853295204634, 8.67062795918465, 0.29721074368315836), (13.5, 0.0, 6.5)), ((17.17622054922711, 12.156290654366583, 7.94), (16.142881377515025, 8.739310865568145, 0.3275107436831579), (13.5, 0.0, 6.5)), ((16.95625284630722, 12.220651220879894, 7.98), (15.990335203760502, 8.805350563617534, 0.3580107436831579), (13.5, 0.0, 6.5)), ((16.73515952926805, 12.28103183043616, 8.02), (15.836226897149373, 8.86858178938209, 0.38851074368315786), (13.5, 0.0, 6.5)), ((16.51301260260997, 12.337412818598294, 8.06), (15.680626775910843, 8.929034254419179, 0.4191107436831585), (13.5, 0.0, 6.5)), ((16.289884413967346, 12.38977582350472, 8.1), (15.523600799747577, 8.986737995171579, 0.44991074368315775), (13.5, 0.0, 6.5)), ((16.06584763054675, 12.438103791849368, 8.14), (15.365171153432978, 9.041531585809459, 0.4807107436831579), (13.5, 0.0, 6.5)), ((15.840975215461084, 12.4823809844355, 8.18), (15.205406573957886, 9.093447230414341, 0.5116107436831578), (13.5, 0.0, 6.5)), ((15.615340403967352, 12.522592981301566, 8.22), (15.04437153059649, 9.142517229519175, 0.5427107436831582), (13.5, 0.0, 6.5)), ((15.389016679615775, 12.558726686417433, 8.26), (14.882097878496152, 9.188584567416859, 0.5738107436831577), (13.5, 0.0, 6.5)), ((15.162077750318069, 12.590770331949416, 8.3), (14.718652708993444, 9.231683879053266, 0.6050107436831578), (13.5, 0.0, 6.5)), ((14.934597524342635, 12.618713482092774, 8.34), (14.554098946962906, 9.27184967755719, 0.6364107436831583), (13.5, 0.0, 6.5)), ((14.706650086244512, 12.642547036470384, 8.38), (14.388477696218663, 9.308929898856494, 0.667810743683158), (13.5, 0.0, 6.5)), ((14.478309672737902, 12.6622632330965, 8.42), (14.221854338754932, 9.34296154681539, 0.6993107436831583), (13.5, 0.0, 6.5)), ((14.249650648519165, 12.677855650904643, 8.46), (14.054286574626804, 9.37391996689955, 0.7309107436831583), (13.5, 0.0, 6.5)), ((14.020747482048105, 12.689319211838772, 8.5), (13.885835185404812, 9.401842542770805, 0.7627107436831579), (13.5, 0.0, 6.5)), ((13.79167472129548, 12.696650182507085, 8.54), (13.716552901428683, 9.426584598195463, 0.7945107436831584), (13.5, 0.0, 6.5)), ((13.56250696946462, 12.699846175397887, 8.58), (13.546502727518673, 9.448186198786484, 0.8264107436831578), (13.5, 0.0, 6.5)), ((13.333318860695043, 12.698906149657143, 8.620000000000001), (13.375744556682784, 9.466627237185186, 0.8584107436831578), (13.5, 0.0, 6.5)), ((13.104185035756009, 12.693830411427456, 8.66), (13.204338773687416, 9.48188877400074, 0.8905107436831585), (13.5, 0.0, 6.5)), ((12.875180117737903, 12.684620613748365, 8.7), (13.032346231931387, 9.493953049419613, 0.9227107436831581), (13.5, 0.0, 6.5)), ((12.646378687749394, 12.671279756017999, 8.74), (12.859832143256554, 9.502745406179837, 0.9549107436831576), (13.5, 0.0, 6.5)), ((12.417855260628242, 12.653812183016232, 8.78), (12.686851410389497, 9.508367185511048, 0.9873107436831585), (13.5, 0.0, 6.5)), ((12.189684260673706, 12.632223583489717, 8.82), (12.513469037734781, 9.510745626681512, 1.0198107436831583), (13.5, 0.0, 6.5)), ((11.961939997408436, 12.606520988299192, 8.86), (12.339754402987133, 9.509811350453925, 1.052310743683158), (13.5, 0.0, 6.5)), ((11.734696641377734, 12.576712768129713, 8.9), (12.165757528489115, 9.505666119804003, 1.0850107436831582), (13.5, 0.0, 6.5)), ((11.508028199994088, 12.542808630764531, 8.94), (11.991556270331737, 9.49818718891983, 1.1177107436831584), (13.5, 0.0, 6.5)), ((11.282008493434828, 12.504819617923513, 8.98), (11.81720715096393, 9.487421827018325, 1.1505107436831583), (13.5, 0.0, 6.5)), ((11.056711130600766, 12.462758101667134, 9.02), (11.642773853338536, 9.47336211277566, 1.183410743683158), (13.5, 0.0, 6.5)), ((10.832209485143633, 12.41663778036721, 9.06), (11.468320309308698, 9.456001385626259, 1.2164107436831584), (13.5, 0.0, 6.5)), ((10.60857667157014, 12.366473674245686, 9.1), (11.2939106743078, 9.435334252498336, 1.2495107436831585), (13.5, 0.0, 6.5)), ((10.385885521430431, 12.31228212048292, 9.14), (11.11962248029204, 9.411304490438004, 1.2826107436831578), (13.5, 0.0, 6.5)), ((10.164208559598695, 12.254080767897092, 9.18), (10.945494718659967, 9.384014138424249, 1.3159107436831583), (13.5, 0.0, 6.5)), ((9.943617980653642, 12.19188857119642, 9.22), (10.771619202337096, 9.353358127429706, 1.349210743683158), (13.5, 0.0, 6.5)), ((9.724185625366557, 12.125725784806097, 9.26), (10.59804748705951, 9.319388328209707, 1.3826107436831583), (13.5, 0.0, 6.5)), ((9.505982957304584, 12.05561395627193, 9.3), (10.424844401154402, 9.28210579946139, 1.4161107436831584), (13.5, 0.0, 6.5)), ((9.289081039556837, 11.981575919242855, 9.34), (10.252074840977862, 9.241512895025451, 1.4497107436831582), (13.5, 0.0, 6.5)), ((9.073550511590966, 11.903635786034593, 9.38), (10.079803744678758, 9.197613266956433, 1.4834107436831578), (13.5, 0.0, 6.5)), ((8.859461566247658, 11.82181893977688, 9.42), (9.908114587641892, 9.150364683649018, 1.5171107436831583), (13.5, 0.0, 6.5)), ((8.646883926880605, 11.736152026146822, 9.46), (9.737055157735298, 9.099822066781453, 1.5509107436831577), (13.5, 0.0, 6.5)), ((8.435886824649376, 11.646662944691077, 9.5), (9.566690299370165, 9.045993000965606, 1.5848107436831578), (13.5, 0.0, 6.5))]
adjusted central:[(12.751394713836987, 11.1925538412254, 7.5), (12.548439715116231, 11.29903079339829, 7.54), (12.34359631126329, 11.401827937073147, 7.58), (12.136931214592877, 11.500911793820736, 7.62), (11.928511730698972, 11.596250094535437, 7.66), (11.718405736535097, 11.68781178994448, 7.7), (11.506681658308501, 11.775567060719899, 7.74), (11.293408449195486, 11.859487327189951, 7.78), (11.07865556688509, 11.939545258646776, 7.82), (10.862492950958483, 12.01571478224732, 7.86), (10.644991000111403, 12.08797109150461, 7.9), (10.42622054922711, 12.156290654366583, 7.94), (10.206252846307219, 12.220651220879894, 7.98), (9.98515952926805, 12.28103183043616, 8.02), (9.763012602609969, 12.337412818598294, 8.06), (9.539884413967346, 12.38977582350472, 8.1), (9.315847630546749, 12.438103791849368, 8.14), (9.090975215461084, 12.4823809844355, 8.18), (8.865340403967352, 12.522592981301566, 8.22), (8.639016679615775, 12.558726686417433, 8.26), (8.412077750318069, 12.590770331949416, 8.3), (8.184597524342635, 12.618713482092774, 8.34), (7.956650086244512, 12.642547036470384, 8.38), (7.728309672737902, 12.6622632330965, 8.42), (7.4996506485191645, 12.677855650904643, 8.46), (7.270747482048105, 12.689319211838772, 8.5), (7.041674721295481, 12.696650182507085, 8.54), (6.81250696946462, 12.699846175397887, 8.58), (6.583318860695043, 12.698906149657143, 8.620000000000001), (6.354185035756009, 12.693830411427456, 8.66), (6.125180117737903, 12.684620613748365, 8.7), (5.896378687749394, 12.671279756017999, 8.74), (5.667855260628242, 12.653812183016232, 8.78), (5.439684260673706, 12.632223583489717, 8.82), (5.211939997408436, 12.606520988299192, 8.86), (4.9846966413777345, 12.576712768129713, 8.9), (4.758028199994088, 12.542808630764531, 8.94), (4.532008493434828, 12.504819617923513, 8.98), (4.306711130600766, 12.462758101667134, 9.02), (4.082209485143633, 12.41663778036721, 9.06), (3.8585766715701393, 12.366473674245686, 9.1), (3.635885521430431, 12.31228212048292, 9.14), (3.414208559598695, 12.254080767897092, 9.18), (3.1936179806536416, 12.19188857119642, 9.22), (2.974185625366557, 12.125725784806097, 9.26), (2.7559829573045835, 12.05561395627193, 9.3), (2.5390810395568373, 11.981575919242855, 9.34), (2.3235505115909665, 11.903635786034593, 9.38), (2.109461566247658, 11.82181893977688, 9.42), (1.8968839268806046, 11.736152026146822, 9.46), (1.6858868246493763, 11.646662944691077, 9.5)]

leg3 steps:[((0.0, 12.7, 11.5), (0.0, 9.864122595273615, 3.5848107436831578), (0.0, 0.0, 8.5)), ((0.0, 12.7, 11.5), (0.0, 10.308555898072282, 3.4394107436831582), (0.0, 0.56, 8.58)), ((0.0, 12.7, 11.5), (0.0, 10.465500980182469, 3.394510743683158), (0.0, 0.7838367176906175, 8.66)), ((0.0, 12.7, 11.5), (0.0, 10.571809945122792, 3.366010743683158), (0.0, 0.9499473669630336, 8.74)), ((0.0, 12.7, 11.5), (0.0, 10.650383301310148, 3.345810743683159), (0.0, 1.0851727973000433, 8.82)), ((0.0, 12.7, 11.5), (0.0, 10.710329051248836, 3.3310107436831586), (0.0, 1.2000000000000006, 8.9)), ((0.0, 12.7, 11.5), (0.0, 10.756300111127775, 3.3200107436831585), (0.0, 1.2998461447417542, 8.98)), ((0.0, 12.7, 11.5), (0.0, 10.791049756334557, 3.311810743683159), (0.0, 1.3879481258317983, 9.06)), ((0.0, 12.7, 11.5), (0.0, 10.816472486931266, 3.3059107436831585), (0.0, 1.4664242223858694, 9.14)), ((0.0, 12.7, 11.5), (0.0, 10.833857945550914, 3.301910743683159), (0.0, 1.5367498169838842, 9.22)), ((0.0, 12.7, 11.5), (0.0, 10.844205145531845, 3.299610743683159), (0.0, 1.6000000000000005, 9.3)), ((0.0, 12.7, 11.5), (0.0, 10.848172350831259, 3.2987107436831593), (0.0, 1.6569852141766388, 9.38)), ((0.0, 12.7, 11.5), (0.0, 10.84635438347459, 3.2991107436831593), (0.0, 1.7083325203250104, 9.46)), ((0.0, 12.7, 11.5), (0.0, 10.839209208679955, 3.3007107436831573), (0.0, 1.7545369759569043, 9.54)), ((0.0, 12.7, 11.5), (0.0, 10.827091833864937, 3.303410743683159), (0.0, 1.7959955456514924, 9.620000000000001)), ((0.0, 12.7, 11.5), (0.0, 10.810419880320602, 3.307310743683157), (0.0, 1.8330302779823358, 9.7)), ((0.0, 12.7, 11.5), (0.0, 10.789340163123034, 3.312210743683157), (0.0, 1.8659046063504958, 9.78)), ((0.0, 12.7, 11.5), (0.0, 10.764090124807064, 3.3181107436831576), (0.0, 1.8948350851723217, 9.86)), ((0.0, 12.7, 11.5), (0.0, 10.734944136332572, 3.3251107436831573), (0.0, 1.92, 9.94)), ((0.0, 12.7, 11.5), (0.0, 10.701997366665017, 3.3331107436831573), (0.0, 1.9415457759218555, 10.02)), ((0.0, 12.7, 11.5), (0.0, 10.665390597286338, 3.3421107436831576), (0.0, 1.9595917942265424, 10.1)), ((0.0, 12.7, 11.5), (0.0, 10.62532031141541, 3.352210743683158), (0.0, 1.9742340286804905, 10.18)), ((0.0, 12.7, 11.5), (0.0, 10.58188750615074, 3.3634107436831577), (0.0, 1.9855477833585369, 10.26)), ((0.0, 12.7, 11.5), (0.0, 10.53517477639592, 3.3757107436831584), (0.0, 1.993589727100338, 10.34)), ((0.0, 12.7, 11.5), (0.0, 10.485247788993485, 3.3891107436831582), (0.0, 1.9983993594874874, 10.42)), ((0.0, 12.7, 11.5), (0.0, 10.432324592811486, 3.403810743683158), (0.0, 2.0, 10.5)), ((0.0, 12.7, 11.5), (0.0, 10.376361985679706, 3.419710743683158), (0.0, 1.9983993594874874, 10.58)), ((0.0, 12.7, 11.5), (0.0, 10.317383151220673, 3.436810743683158), (0.0, 1.993589727100338, 10.66)), ((0.0, 12.7, 11.5), (0.0, 10.255572114574376, 3.4553107436831585), (0.0, 1.9855477833585369, 10.74)), ((0.0, 12.7, 11.5), (0.0, 10.191018054571883, 3.4753107436831585), (0.0, 1.9742340286804905, 10.82)), ((0.0, 12.7, 11.5), (0.0, 10.123526355420204, 3.4966107436831586), (0.0, 1.9595917942265424, 10.9)), ((0.0, 12.7, 11.5), (0.0, 10.053425468337926, 3.5196107436831587), (0.0, 1.9415457759218555, 10.98)), ((0.0, 12.7, 11.5), (0.0, 9.980484395294186, 3.5441107436831585), (0.0, 1.92, 11.06)), ((0.0, 12.7, 11.5), (0.0, 9.904911145401252, 3.5704107436831585), (0.0, 1.8948350851723217, 11.14)), ((0.0, 12.7, 11.5), (0.0, 9.826518728891275, 3.598410743683159), (0.0, 1.8659046063504958, 11.22)), ((0.0, 12.7, 11.5), (0.0, 9.745471006503719, 3.6284107436831587), (0.0, 1.8330302779823358, 11.3)), ((0.0, 12.7, 11.5), (0.0, 9.661613240006943, 3.660410743683157), (0.0, 1.7959955456514924, 11.379999999999999)), ((0.0, 12.7, 11.5), (0.0, 9.574842379841568, 3.694510743683159), (0.0, 1.7545369759569043, 11.46)), ((0.0, 12.7, 11.5), (0.0, 9.485201221462258, 3.731010743683157), (0.0, 1.7083325203250104, 11.54)), ((0.0, 12.7, 11.5), (0.0, 9.392466367647968, 3.770010743683159), (0.0, 1.6569852141766377, 11.620000000000001)), ((0.0, 12.7, 11.5), (0.0, 9.296523257713677, 3.811810743683157), (0.0, 1.6000000000000005, 11.7)), ((0.0, 12.7, 11.5), (0.0, 9.197030666462108, 3.8566107436831594), (0.0, 1.5367498169838827, 11.780000000000001)), ((0.0, 12.7, 11.5), (0.0, 9.093675620902971, 3.9048107436831576), (0.0, 1.4664242223858694, 11.86)), ((0.0, 12.7, 11.5), (0.0, 8.985993001040065, 3.9569107436831574), (0.0, 1.3879481258317983, 11.94)), ((0.0, 12.7, 11.5), (0.0, 8.873229126506441, 4.013510743683158), (0.0, 1.2998461447417542, 12.02)), ((0.0, 12.7, 11.5), (0.0, 8.75420196098862, 4.0754107436831575), (0.0, 1.2000000000000006, 12.1)), ((0.0, 12.7, 11.5), (0.0, 8.627459653954515, 4.144210743683158), (0.0, 1.0851727973000433, 12.18)), ((0.0, 12.7, 11.5), (0.0, 8.489889589243985, 4.222010743683158), (0.0, 0.9499473669630336, 12.26)), ((0.0, 12.7, 11.5), (0.0, 8.335913578420984, 4.313410743683158), (0.0, 0.7838367176906175, 12.34)), ((0.0, 12.7, 11.5), (0.0, 8.150157003437666, 4.4294107436831585), (0.0, 0.56, 12.42)), ((0.0, 12.7, 11.5), (0.0, 7.772850113097357, 4.6870107436831585), (0.0, 0.0, 12.5))]
leg3 weight center movements:[(0.0, 7.337848464383506, 9.110048177315218), (0.0, 7.623807115980197, 9.118513293594289), (0.0, 6.8181259640234755, -0.4802478344855608), (0.0, 7.70346834622644, 4.93267045764797), (0.0, 7.828095638103278, 5.845704094361822), (0.0, 7.904420800760668, 6.3345654302836145), (0.0, 7.961871108578365, 6.676214993329341), (0.0, 8.007713103642196, 6.881465377895162), (0.0, 8.045784482205207, 7.076139264710422), (0.0, 8.07852007247147, 7.272270548758968), (0.0, 8.105752574698574, 7.347795054068409), (0.0, 8.129331019763356, 7.480077677705866), (0.0, 8.149422588899215, 7.613705644118958), (0.0, 8.166169368070557, 7.670907345226221), (0.0, 8.180537625667395, 7.757891196592267), (0.0, 8.192821874468994, 7.87639999727964), (0.0, 8.202603996904225, 7.916339602537096), (0.0, 8.210700991024385, 8.00568963812113), (0.0, 8.216593212346014, 8.078179879233296), (0.0, 8.220995161947076, 8.169515685896359), (0.0, 8.22309746294124, 8.211015876868647), (0.0, 8.22314498772073, 8.302165569620628), (0.0, 8.22224578698604, 8.362984389969295), (0.0, 8.21925776631674, 8.440840773364345), (0.0, 8.21448723186777, 8.485049226965693), (0.0, 8.208292548600543, 8.600674860851594), (0.0, 8.199541992157004, 8.629255052017312), (0.0, 8.190754932219988, 8.766785644323562), (0.0, 8.178652259998469, 8.797685513548496), (0.0, 8.165756161516398, 8.88451798849025), (0.0, 8.152011443024351, 8.991157391142805), (0.0, 8.134997181475722, 9.102159036782739), (0.0, 8.115997166582098, 9.138617693636439), (0.0, 8.097102048209702, 9.251811443899646), (0.0, 8.075544771961345, 9.388791840003597), (0.0, 8.051988366908047, 9.489180216230281), (0.0, 8.026492716655875, 9.632772493211977), (0.0, 7.998771187003201, 9.739102941837132), (0.0, 7.968785409534253, 9.848413361408875), (0.0, 7.937576932408068, 10.063987983353009), (0.0, 7.902473874364623, 10.181226213860354), (0.0, 7.865616791077651, 10.364686383489689), (0.0, 7.824312471701427, 10.576997927528339), (0.0, 7.781563091378456, 10.792783549748863), (0.0, 7.7344362149946395, 11.059976820374214), (0.0, 7.6832402577686425, 11.401879820203531), (0.0, 7.6251630279308324, 11.711729683536754), (0.0, 7.55916498117474, 12.23858211894424), (0.0, 7.485219839939916, 12.834409083387918), (0.0, 7.392059074672218, 13.796032646132629), (0.0, 7.168396440875919, 15.68718569149007)]
still leg coordinates:[(13.5, 12.7, 11.5), (13.5, 8.899934812116006, 3.9999107436831585), (13.5, 0.0, 10.5)]
body particle:(6.75, 22.4, 11.5)
target position:(13.5, 0.0, 10.5)
side move degrees3:[22.0, 22.0, 22.0, 22.0, 22.0, 22.0, 22.0, 22.0, 22.0, 22.0, 22.0, 22.0, 22.0, 22.0, 22.0, 22.0, 22.0, 22.0, 22.0, 22.0, 22.0, 22.0, 22.0, 22.0, 22.0, 22.0, 22.0, 22.0, 22.0, 22.0, 22.0, 22.0, 22.0, 22.0, 22.0, 22.0, 22.0, 22.0, 22.0, 22.0, 22.0, 22.0, 22.0, 22.0, 22.0, 22.0, 22.0, 22.0, 22.0, 22.0, 22.0]
adjusted leg1:[((6.001394713836986, 11.1925538412254, 7.5), (3.6730662661566695, 6.850239637056466, 0.6870107436831581), (0.0, 0.0, 8.5)), ((5.798439715116232, 11.29903079339829, 7.54), (3.5594660541114687, 6.936092902477505, 0.7102107436831582), (0.0, 0.0, 8.5)), ((5.593596311263291, 11.401827937073147, 7.58), (3.443986766563548, 7.020124861503638, 0.7336107436831583), (0.0, 0.0, 8.5)), ((5.3869312145928765, 11.500911793820736, 7.62), (3.326613401022582, 7.102204534125316, 0.7571107436831581), (0.0, 0.0, 8.5)), ((5.178511730698971, 11.596250094535437, 7.66), (3.207379382079421, 7.1822900858099015, 0.7807107436831582), (0.0, 0.0, 8.5)), ((4.968405736535096, 11.68781178994448, 7.7), (3.0863190519331676, 7.260340261154099, 0.804410743683158), (0.0, 0.0, 8.5)), ((4.7566816583085005, 11.775567060719899, 7.74), (2.9635039756660353, 7.336404305974714, 0.8283107436831583), (0.0, 0.0, 8.5)), ((4.5434084491954865, 11.859487327189951, 7.78), (2.8389303093209324, 7.410352470539772, 0.8523107436831583), (0.0, 0.0, 8.5)), ((4.32865556688509, 11.939545258646776, 7.82), (2.7126351131488335, 7.482145253460562, 0.8764107436831581), (0.0, 0.0, 8.5)), ((4.112492950958481, 12.01571478224732, 7.86), (2.584656323944436, 7.551743813058688, 0.9006107436831581), (0.0, 0.0, 8.5)), ((3.894991000111405, 12.08797109150461, 7.9), (2.4550617652886295, 7.61920005612809, 0.925010743683158), (0.0, 0.0, 8.5)), ((3.6762205492271107, 12.156290654366583, 7.94), (2.3238584746049957, 7.6843863632856495, 0.9495107436831582), (0.0, 0.0, 8.5)), ((3.4562528463072177, 12.220651220879894, 7.98), (2.1910869800888575, 7.747265888514464, 0.9741107436831582), (0.0, 0.0, 8.5)), ((3.2351595292680484, 12.28103183043616, 8.02), (2.0568123039445703, 7.8078923606252575, 0.9989107436831581), (0.0, 0.0, 8.5)), ((3.0130126026099693, 12.337412818598294, 8.06), (1.9210494306680828, 7.866140304409937, 1.0238107436831583), (0.0, 0.0, 8.5)), ((2.7898844139673455, 12.38977582350472, 8.1), (1.7838413723310358, 7.921975045713573, 1.0488107436831582), (0.0, 0.0, 8.5)), ((2.565847630546749, 12.438103791849368, 8.14), (1.6452319291315247, 7.975362703763493, 1.0739107436831583), (0.0, 0.0, 8.5)), ((2.340975215461084, 12.4823809844355, 8.18), (1.5052656744633586, 8.026270208821549, 1.0991107436831582), (0.0, 0.0, 8.5)), ((2.1153404039673513, 12.522592981301566, 8.22), (1.36400294106993, 8.074754126703018, 1.124510743683158), (0.0, 0.0, 8.5)), ((1.8890166796157752, 12.558726686417433, 8.26), (1.2214714241045737, 8.120693658310412, 1.1500107436831581), (0.0, 0.0, 8.5)), ((1.662077750318069, 12.590770331949416, 8.3), (1.0777179710710614, 8.164058181859126, 1.175610743683158), (0.0, 0.0, 8.5)), ((1.4345975243426354, 12.618713482092774, 8.34), (0.9328001250309701, 8.204905776078029, 1.2014107436831583), (0.0, 0.0, 8.5)), ((1.206650086244511, 12.642547036470384, 8.38), (0.7867528771490226, 8.24311900261978, 1.2273107436831583), (0.0, 0.0, 8.5)), ((0.9783096727379024, 12.6622632330965, 8.42), (0.6396184875931749, 8.278582829498044, 1.2532107436831579), (0.0, 0.0, 8.5)), ((0.7496506485191654, 12.677855650904643, 8.46), (0.491466770101045, 8.311531219062358, 1.279410743683158), (0.0, 0.0, 8.5)), ((0.5207474820481046, 12.689319211838772, 8.5), (0.34232784375900405, 8.34167698223685, 1.3056107436831579), (0.0, 0.0, 8.5)), ((0.2916747212954803, 12.696650182507085, 8.54), (0.19225934490046645, 8.36908195429902, 1.3319107436831579), (0.0, 0.0, 8.5)), ((0.06250696946462034, 12.699846175397887, 8.58), (0.04131321208051438, 8.393807009490237, 1.3584107436831583), (0.0, 0.0, 8.5)), ((-0.1666811393049566, 12.698906149657143, 8.620000000000001), (-0.11046192272423444, 8.415742750709764, 1.385010743683158), (0.0, 0.0, 8.5)), ((-0.3958149642439917, 12.693830411427456, 8.66), (-0.2630133243686983, 8.434866887508523, 1.411710743683158), (0.0, 0.0, 8.5)), ((-0.6248198822620965, 12.684620613748365, 8.7), (-0.41629181352703226, 8.451241500321917, 1.4386107436831579), (0.0, 0.0, 8.5)), ((-0.8536213122506059, 12.671279756017999, 8.74), (-0.5702368307964937, 8.464679016924746, 1.4655107436831583), (0.0, 0.0, 8.5)), ((-1.0821447393717583, 12.653812183016232, 8.78), (-0.7248036882095528, 8.475326272422384, 1.4926107436831577), (0.0, 0.0, 8.5)), ((-1.3103157393262932, 12.632223583489717, 8.82), (-0.87993340190601, 8.483081701493218, 1.5198107436831583), (0.0, 0.0, 8.5)), ((-1.5380600025915632, 12.606520988299192, 8.86), (-1.0355706242742297, 8.487928161308513, 1.5471107436831577), (0.0, 0.0, 8.5)), ((-1.7653033586222653, 12.576712768129713, 8.9), (-1.191670787878241, 8.489929586386976, 1.5746107436831585), (0.0, 0.0, 8.5)), ((-1.991971800005912, 12.542808630764531, 8.94), (-1.348156571580921, 8.48891027553548, 1.6021107436831583), (0.0, 0.0, 8.5)), ((-2.2179915065651716, 12.504819617923513, 8.98), (-1.504995117841148, 8.485015573212753, 1.6298107436831577), (0.0, 0.0, 8.5)), ((-2.443288869399234, 12.462758101667134, 9.02), (-1.6621181180546871, 8.47815266592164, 1.6576107436831578), (0.0, 0.0, 8.5)), ((-2.6677905148563674, 12.41663778036721, 9.06), (-1.819468130040181, 8.46830986084652, 1.6855107436831585), (0.0, 0.0, 8.5)), ((-2.891423328429861, 12.366473674245686, 9.1), (-1.9769873719417372, 8.455476598340212, 1.713510743683158), (0.0, 0.0, 8.5)), ((-3.1141144785695696, 12.31228212048292, 9.14), (-2.1346177449187014, 8.439643460667002, 1.7416107436831583), (0.0, 0.0, 8.5)), ((-3.3357914404013056, 12.254080767897092, 9.18), (-2.2923008560465363, 8.420802180286962, 1.7698107436831583), (0.0, 0.0, 8.5)), ((-3.556382019346359, 12.19188857119642, 9.22), (-2.4499994920115715, 8.399019183991616, 1.7982107436831578), (0.0, 0.0, 8.5)), ((-3.775814374633443, 12.125725784806097, 9.26), (-2.6076356320028746, 8.374213211534274, 1.826710743683158), (0.0, 0.0, 8.5)), ((-3.994017042695417, 12.05561395627193, 9.3), (-2.7651500668672755, 8.346379442290615, 1.855310743683158), (0.0, 0.0, 8.5)), ((-4.210918960443163, 11.981575919242855, 9.34), (-2.922483386192215, 8.315514236517823, 1.8840107436831577), (0.0, 0.0, 8.5)), ((-4.426449488409033, 11.903635786034593, 9.38), (-3.079576002176427, 8.281615141280295, 1.912810743683158), (0.0, 0.0, 8.5)), ((-4.640538433752342, 11.82181893977688, 9.42), (-3.2363681736542236, 8.244680895889003, 1.9417107436831582), (0.0, 0.0, 8.5)), ((-4.853116073119396, 11.736152026146822, 9.46), (-3.3928000302634214, 8.204711436850781, 1.9707107436831581), (0.0, 0.0, 8.5)), ((-5.064113175350624, 11.646662944691077, 9.5), (-3.5488407198266416, 8.161774880821861, 1.9999107436831585), (0.0, 0.0, 8.5))]
adjusted leg2:[((19.501394713836987, 11.1925538412254, 7.5), (17.70570180733458, 7.843600723378431, 0.0), (13.5, 0.0, 6.5)), ((19.29843971511623, 11.299030793398291, 7.54), (17.5731472282005, 7.937068973486738, 0.029110743683157914), (13.5, 0.0, 6.5)), ((19.09359631126329, 11.401827937073147, 7.58), (17.438613707329573, 8.028358376728725, 0.058510743683157784), (13.5, 0.0, 6.5)), ((18.886931214592877, 11.500911793820736, 7.62), (17.302046618972742, 8.117238007856125, 0.08791074368315765), (13.5, 0.0, 6.5)), ((18.678511730698972, 11.596250094535437, 7.66), (17.16355001886415, 8.203793765830572, 0.11751074368315795), (13.5, 0.0, 6.5)), ((18.468405736535097, 11.687811789944478, 7.7), (17.023135118999114, 8.287918170330856, 0.147210743683158), (13.5, 0.0, 6.5)), ((18.2566816583085, 11.775567060719899, 7.74), (16.880845788816675, 8.369569201383205, 0.17701074368315783), (13.5, 0.0, 6.5)), ((18.043408449195486, 11.859487327189951, 7.78), (16.736726813871705, 8.448705649056159, 0.20691074368315832), (13.5, 0.0, 6.5)), ((17.82865556688509, 11.939545258646776, 7.82), (16.590823880618927, 8.525287133370012, 0.23691074368315768), (13.5, 0.0, 6.5)), ((17.612492950958483, 12.01571478224732, 7.86), (16.4431835607665, 8.599274123917242, 0.2670107436831577), (13.5, 0.0, 6.5)), ((17.394991000111403, 12.087971091504611, 7.9), (16.293853295204634, 8.67062795918465, 0.29721074368315836), (13.5, 0.0, 6.5)), ((17.17622054922711, 12.156290654366583, 7.94), (16.142881377515025, 8.739310865568145, 0.3275107436831579), (13.5, 0.0, 6.5)), ((16.95625284630722, 12.220651220879894, 7.98), (15.990335203760502, 8.805350563617534, 0.3580107436831579), (13.5, 0.0, 6.5)), ((16.73515952926805, 12.28103183043616, 8.02), (15.836226897149373, 8.86858178938209, 0.38851074368315786), (13.5, 0.0, 6.5)), ((16.51301260260997, 12.337412818598294, 8.06), (15.680626775910843, 8.929034254419179, 0.4191107436831585), (13.5, 0.0, 6.5)), ((16.289884413967346, 12.38977582350472, 8.1), (15.523600799747577, 8.986737995171579, 0.44991074368315775), (13.5, 0.0, 6.5)), ((16.06584763054675, 12.438103791849368, 8.14), (15.365171153432978, 9.041531585809459, 0.4807107436831579), (13.5, 0.0, 6.5)), ((15.840975215461084, 12.4823809844355, 8.18), (15.205406573957886, 9.093447230414341, 0.5116107436831578), (13.5, 0.0, 6.5)), ((15.615340403967352, 12.522592981301566, 8.22), (15.04437153059649, 9.142517229519175, 0.5427107436831582), (13.5, 0.0, 6.5)), ((15.389016679615775, 12.558726686417433, 8.26), (14.882097878496152, 9.188584567416859, 0.5738107436831577), (13.5, 0.0, 6.5)), ((15.162077750318069, 12.590770331949416, 8.3), (14.718652708993444, 9.231683879053266, 0.6050107436831578), (13.5, 0.0, 6.5)), ((14.934597524342635, 12.618713482092774, 8.34), (14.554098946962906, 9.27184967755719, 0.6364107436831583), (13.5, 0.0, 6.5)), ((14.706650086244512, 12.642547036470384, 8.38), (14.388477696218663, 9.308929898856494, 0.667810743683158), (13.5, 0.0, 6.5)), ((14.478309672737902, 12.6622632330965, 8.42), (14.221854338754932, 9.34296154681539, 0.6993107436831583), (13.5, 0.0, 6.5)), ((14.249650648519165, 12.677855650904643, 8.46), (14.054286574626804, 9.37391996689955, 0.7309107436831583), (13.5, 0.0, 6.5)), ((14.020747482048105, 12.689319211838772, 8.5), (13.885835185404812, 9.401842542770805, 0.7627107436831579), (13.5, 0.0, 6.5)), ((13.79167472129548, 12.696650182507085, 8.54), (13.716552901428683, 9.426584598195463, 0.7945107436831584), (13.5, 0.0, 6.5)), ((13.56250696946462, 12.699846175397887, 8.58), (13.546502727518673, 9.448186198786484, 0.8264107436831578), (13.5, 0.0, 6.5)), ((13.333318860695043, 12.698906149657143, 8.620000000000001), (13.375744556682784, 9.466627237185186, 0.8584107436831578), (13.5, 0.0, 6.5)), ((13.104185035756009, 12.693830411427456, 8.66), (13.204338773687416, 9.48188877400074, 0.8905107436831585), (13.5, 0.0, 6.5)), ((12.875180117737903, 12.684620613748365, 8.7), (13.032346231931387, 9.493953049419613, 0.9227107436831581), (13.5, 0.0, 6.5)), ((12.646378687749394, 12.671279756017999, 8.74), (12.859832143256554, 9.502745406179837, 0.9549107436831576), (13.5, 0.0, 6.5)), ((12.417855260628242, 12.653812183016232, 8.78), (12.686851410389497, 9.508367185511048, 0.9873107436831585), (13.5, 0.0, 6.5)), ((12.189684260673706, 12.632223583489717, 8.82), (12.513469037734781, 9.510745626681512, 1.0198107436831583), (13.5, 0.0, 6.5)), ((11.961939997408436, 12.606520988299192, 8.86), (12.339754402987133, 9.509811350453925, 1.052310743683158), (13.5, 0.0, 6.5)), ((11.734696641377734, 12.576712768129713, 8.9), (12.165757528489115, 9.505666119804003, 1.0850107436831582), (13.5, 0.0, 6.5)), ((11.508028199994088, 12.542808630764531, 8.94), (11.991556270331737, 9.49818718891983, 1.1177107436831584), (13.5, 0.0, 6.5)), ((11.282008493434828, 12.504819617923513, 8.98), (11.81720715096393, 9.487421827018325, 1.1505107436831583), (13.5, 0.0, 6.5)), ((11.056711130600766, 12.462758101667134, 9.02), (11.642773853338536, 9.47336211277566, 1.183410743683158), (13.5, 0.0, 6.5)), ((10.832209485143633, 12.41663778036721, 9.06), (11.468320309308698, 9.456001385626259, 1.2164107436831584), (13.5, 0.0, 6.5)), ((10.60857667157014, 12.366473674245686, 9.1), (11.2939106743078, 9.435334252498336, 1.2495107436831585), (13.5, 0.0, 6.5)), ((10.385885521430431, 12.31228212048292, 9.14), (11.11962248029204, 9.411304490438004, 1.2826107436831578), (13.5, 0.0, 6.5)), ((10.164208559598695, 12.254080767897092, 9.18), (10.945494718659967, 9.384014138424249, 1.3159107436831583), (13.5, 0.0, 6.5)), ((9.943617980653642, 12.19188857119642, 9.22), (10.771619202337096, 9.353358127429706, 1.349210743683158), (13.5, 0.0, 6.5)), ((9.724185625366557, 12.125725784806097, 9.26), (10.59804748705951, 9.319388328209707, 1.3826107436831583), (13.5, 0.0, 6.5)), ((9.505982957304584, 12.05561395627193, 9.3), (10.424844401154402, 9.28210579946139, 1.4161107436831584), (13.5, 0.0, 6.5)), ((9.289081039556837, 11.981575919242855, 9.34), (10.252074840977862, 9.241512895025451, 1.4497107436831582), (13.5, 0.0, 6.5)), ((9.073550511590966, 11.903635786034593, 9.38), (10.079803744678758, 9.197613266956433, 1.4834107436831578), (13.5, 0.0, 6.5)), ((8.859461566247658, 11.82181893977688, 9.42), (9.908114587641892, 9.150364683649018, 1.5171107436831583), (13.5, 0.0, 6.5)), ((8.646883926880605, 11.736152026146822, 9.46), (9.737055157735298, 9.099822066781453, 1.5509107436831577), (13.5, 0.0, 6.5)), ((8.435886824649376, 11.646662944691077, 9.5), (9.566690299370165, 9.045993000965606, 1.5848107436831578), (13.5, 0.0, 6.5))]
adjusted central:[(12.751394713836987, 11.1925538412254, 7.5), (12.548439715116231, 11.29903079339829, 7.54), (12.34359631126329, 11.401827937073147, 7.58), (12.136931214592877, 11.500911793820736, 7.62), (11.928511730698972, 11.596250094535437, 7.66), (11.718405736535097, 11.68781178994448, 7.7), (11.506681658308501, 11.775567060719899, 7.74), (11.293408449195486, 11.859487327189951, 7.78), (11.07865556688509, 11.939545258646776, 7.82), (10.862492950958483, 12.01571478224732, 7.86), (10.644991000111403, 12.08797109150461, 7.9), (10.42622054922711, 12.156290654366583, 7.94), (10.206252846307219, 12.220651220879894, 7.98), (9.98515952926805, 12.28103183043616, 8.02), (9.763012602609969, 12.337412818598294, 8.06), (9.539884413967346, 12.38977582350472, 8.1), (9.315847630546749, 12.438103791849368, 8.14), (9.090975215461084, 12.4823809844355, 8.18), (8.865340403967352, 12.522592981301566, 8.22), (8.639016679615775, 12.558726686417433, 8.26), (8.412077750318069, 12.590770331949416, 8.3), (8.184597524342635, 12.618713482092774, 8.34), (7.956650086244512, 12.642547036470384, 8.38), (7.728309672737902, 12.6622632330965, 8.42), (7.4996506485191645, 12.677855650904643, 8.46), (7.270747482048105, 12.689319211838772, 8.5), (7.041674721295481, 12.696650182507085, 8.54), (6.81250696946462, 12.699846175397887, 8.58), (6.583318860695043, 12.698906149657143, 8.620000000000001), (6.354185035756009, 12.693830411427456, 8.66), (6.125180117737903, 12.684620613748365, 8.7), (5.896378687749394, 12.671279756017999, 8.74), (5.667855260628242, 12.653812183016232, 8.78), (5.439684260673706, 12.632223583489717, 8.82), (5.211939997408436, 12.606520988299192, 8.86), (4.9846966413777345, 12.576712768129713, 8.9), (4.758028199994088, 12.542808630764531, 8.94), (4.532008493434828, 12.504819617923513, 8.98), (4.306711130600766, 12.462758101667134, 9.02), (4.082209485143633, 12.41663778036721, 9.06), (3.8585766715701393, 12.366473674245686, 9.1), (3.635885521430431, 12.31228212048292, 9.14), (3.414208559598695, 12.254080767897092, 9.18), (3.1936179806536416, 12.19188857119642, 9.22), (2.974185625366557, 12.125725784806097, 9.26), (2.7559829573045835, 12.05561395627193, 9.3), (2.5390810395568373, 11.981575919242855, 9.34), (2.3235505115909665, 11.903635786034593, 9.38), (2.109461566247658, 11.82181893977688, 9.42), (1.8968839268806046, 11.736152026146822, 9.46), (1.6858868246493763, 11.646662944691077, 9.5)]
